Frequencies:
-

male:16, 
players:11, gender:10, style:8, female:7, 
women:6, system:5, rarely:4, modal:4, 
left:3, melodic:3, arrival:3, melodies:3, 
reasons:3, genderan:3, play:3, playing:3, 
learned:3, knowledge:3, hands:2, frequently:2, 
hand:2, plays:2, melody:2, interpretation:2, 
relative:2, lack:2, feeling:2, player:2, 


--
Co-Occurences:
-
 |a  |b  |c  |d  |e  |f  |g  |h  |i  |j  |k  |l  |m  |n  |o  |p  |q  |r  |s  |t  |u  |v  |w  |x  |y  |z  |
a|0|9|13|9|13|1|0|7|0|13|4|6|0|0|0|0|0|0|0|3|0|0|0|0|0|0|
b|9|0|12|10|12|1|0|7|0|12|7|2|0|0|0|0|0|0|0|3|0|0|0|0|0|0|
c|13|12|0|14|26|1|0|7|0|28|8|10|0|0|0|0|0|0|0|3|0|0|0|0|0|0|
d|9|10|14|0|14|1|0|5|0|14|8|5|0|0|0|0|0|0|0|1|0|0|0|0|0|0|
e|13|12|26|14|0|1|0|7|0|26|8|10|0|0|0|0|0|0|0|3|0|0|0|0|0|0|
f|1|1|1|1|1|0|0|1|0|1|0|0|0|0|0|0|0|0|0|1|0|0|0|0|0|0|
g|0|0|0|0|0|0|0|0|0|0|0|0|0|0|0|0|0|0|0|0|0|0|0|0|0|0|
h|7|7|7|5|7|1|0|0|0|7|4|0|0|0|0|0|0|0|0|3|0|0|0|0|0|0|
i|0|0|0|0|0|0|0|0|0|0|0|0|0|0|0|0|0|0|0|0|0|0|0|0|0|0|
j|13|12|28|14|26|1|0|7|0|0|8|10|0|0|0|0|0|0|0|3|0|0|0|0|0|0|
k|4|7|8|8|8|0|0|4|0|8|0|0|0|0|0|0|0|0|0|0|0|0|0|0|0|0|
l|6|2|10|5|10|0|0|0|0|10|0|0|0|0|0|0|0|0|0|0|0|0|0|0|0|0|
m|0|0|0|0|0|0|0|0|0|0|0|0|0|0|0|0|0|0|0|0|0|0|0|0|0|0|
n|0|0|0|0|0|0|0|0|0|0|0|0|0|0|0|0|0|0|0|0|0|0|0|0|0|0|
o|0|0|0|0|0|0|0|0|0|0|0|0|0|0|0|0|0|0|0|0|0|0|0|0|0|0|
p|0|0|0|0|0|0|0|0|0|0|0|0|0|0|0|0|0|0|0|0|0|0|0|0|0|0|
q|0|0|0|0|0|0|0|0|0|0|0|0|0|0|0|0|0|0|0|0|0|0|0|0|0|0|
r|0|0|0|0|0|0|0|0|0|0|0|0|0|0|0|0|0|0|0|0|0|0|0|0|0|0|
s|0|0|0|0|0|0|0|0|0|0|0|0|0|0|0|0|0|0|0|0|0|0|0|0|0|0|
t|3|3|3|1|3|1|0|3|0|3|0|0|0|0|0|0|0|0|0|0|0|0|0|0|0|0|
u|0|0|0|0|0|0|0|0|0|0|0|0|0|0|0|0|0|0|0|0|0|0|0|0|0|0|
v|0|0|0|0|0|0|0|0|0|0|0|0|0|0|0|0|0|0|0|0|0|0|0|0|0|0|
w|0|0|0|0|0|0|0|0|0|0|0|0|0|0|0|0|0|0|0|0|0|0|0|0|0|0|
x|0|0|0|0|0|0|0|0|0|0|0|0|0|0|0|0|0|0|0|0|0|0|0|0|0|0|
y|0|0|0|0|0|0|0|0|0|0|0|0|0|0|0|0|0|0|0|0|0|0|0|0|0|0|
z|0|0|0|0|0|0|0|0|0|0|0|0|0|0|0|0|0|0|0|0|0|0|0|0|0|0|
a:male
b:players
c:gender
d:style
e:female
f:women
g:system
h:rarely
i:modal
j:left
k:melodic
l:arrival
m:melodies
n:reasons
o:genderan
p:play
q:playing
r:learned
s:knowledge
t:hands
u:frequently
v:hand
w:plays
x:melody
y:interpretation
z:relative



--
Chi-Squares:
-
left:2201.8569766812757, 
arrival:1066.3606761838982, melodic:881.7099396109816, female:822.6017916077317, 
gender:569.4496672618081, rarely:540.615511551155, hands:528.471287128713, 
style:436.2741107444083, players:264.25060006000615, male:186.08415841584156, 
women:54.77887788778873, system:0.0, modal:0.0, 
melodies:0.0, reasons:0.0, genderan:0.0, 
play:0.0, playing:0.0, learned:0.0, 
knowledge:0.0, frequently:0.0, hand:0.0, 
plays:0.0, melody:0.0, interpretation:0.0, 
relative:0.0, lack:0.0, feeling:0.0, 
player:0.0, 


--
Final Results :
----------------------------------------
Term	Chi^2	Frequency----------------------------
left	2201.8569766812757	3
 arrival	1066.3606761838982	3
 melodic	881.7099396109816	3
 female	822.6017916077317	7
 gender	569.4496672618081	10
 rarely	540.615511551155	4
 hands	528.471287128713	2
 style	436.2741107444083	8
 players	264.25060006000615	11
 male	186.08415841584156	16
 women	54.77887788778873	6
 system	0.0	5
 
